[-5.75353121e-01 -5.76095053e-01  5.89985999e-01 -3.30768570e-01
  9.80557946e-01  9.80539452e-01  4.39744244e-01  1.65547691e+00
 -4.02243381e-01 -5.66242088e-01  1.89750433e+00 -6.28084173e-01
 -3.54023554e-01 -1.92892210e-02 -1.33533727e-01 -3.45670336e-02
 -1.28722029e-01 -6.56579779e-01 -9.65385658e-02  2.88244364e-01
  1.06327012e+00  1.19203751e+00 -6.80882885e-01 -6.05152894e-01
  3.81748257e-02 -9.07035546e-01 -3.23572577e-02 -8.28334404e-01
 -9.19590535e-01  3.23671593e-01 -5.87645568e-01  1.61159009e-01
  4.60305184e-01 -7.41150167e-01 -7.47124794e-01  1.42784752e+00
 -8.31267044e-02 -1.12132300e-02  3.54320785e-01  5.45582603e-01
  2.46509995e-01 -4.41169647e-01  3.59509883e-01  5.98832021e+00
 -4.54801837e-01 -3.68958711e-01 -1.10643173e+00  1.69360407e-01
  6.29744480e-01  1.89258252e+00 -4.20457816e-01 -9.55426367e-02
  1.49520128e+00 -6.75346057e-01 -3.20394371e-01 -3.02577765e-01
 -2.65282698e-01 -2.57921431e-01 -2.14722997e-01 -1.94714758e-01
 -1.81847704e-01 -1.70400799e-01 -3.26871543e-01 -5.13025612e-01
  8.83343413e-01  0.00000000e+00 -2.75815665e-01 -1.03212438e-01
 -1.59005515e-01 -1.20807811e-01 -8.91930507e-02 -2.78659428e-01
 -2.71411259e-02 -1.06844234e-01 -9.16069817e-02 -4.52190202e-03]
